Mean: 81.54329044834309
Max: 100
Min: 0
Median: 85.33
Stardard Deviation: 13.655975972695407
Time taken for program: 12.054367065429688