Mean: 79.1749019179791
Max: 100
Min: 0
Median: 82.12
Stardard Deviation: 14.39224377674597
Time taken for program: 25.55458164215088