Mean: 80.77676321758855
Max: 100
Min: 0
Median: 84.46
Stardard Deviation: 14.201158227943342
Time taken for program: 12.299669027328491