Mean: 82.49242787524366
Max: 100
Min: 0
Median: 85.33
Stardard Deviation: 14.599803890129179
Time taken for program: 14.445236921310425