Mean: 81.42945029239766
Max: 100
Min: 0
Median: 85.33
Stardard Deviation: 13.563849441327912
Time taken for program: 12.993407011032104