Mean: 80.77717239574245
Max: 100
Min: 0
Median: 84.46
Stardard Deviation: 14.200976393506584
Time taken for program: 12.007311582565308